学号	姓名	年龄	性别	出生年月	地址	电话	E - mail4294967295		3435973836		3435973836		3435973836	
4294967295		3435973836		3435973836		3435973836	
4294967295		3435973836		3435973836		3435973836	
4294967295		3435973836		3435973836		3435973836	
4294967295		3435973836		3435973836		3435973836	
4294967295		3435973836		3435973836		3435973836	
4294967295		3435973836		3435973836		3435973836	
4294967295		3435973836		3435973836		3435973836	
4294967295		3435973836		3435973836		3435973836	
4294967295		3435973836		3435973836		3435973836	
